{
 "cells": [
  {
   "cell_type": "code",
   "execution_count": 1,
   "metadata": {},
   "outputs": [],
   "source": [
    "import numpy as np "
   ]
  },
  {
   "cell_type": "code",
   "execution_count": 3,
   "metadata": {},
   "outputs": [],
   "source": [
    "A = np.array([[1,1,1],[1,1,0], [1,0,0]])"
   ]
  },
  {
   "cell_type": "code",
   "execution_count": 5,
   "metadata": {},
   "outputs": [],
   "source": [
    "Q,R = np.linalg.qr(A)"
   ]
  },
  {
   "cell_type": "code",
   "execution_count": 6,
   "metadata": {},
   "outputs": [
    {
     "data": {
      "text/plain": [
       "array([[-5.77350269e-01, -4.08248290e-01, -7.07106781e-01],\n",
       "       [-5.77350269e-01, -4.08248290e-01,  7.07106781e-01],\n",
       "       [-5.77350269e-01,  8.16496581e-01,  5.55111512e-17]])"
      ]
     },
     "execution_count": 6,
     "metadata": {},
     "output_type": "execute_result"
    }
   ],
   "source": [
    "Q"
   ]
  },
  {
   "cell_type": "code",
   "execution_count": 7,
   "metadata": {},
   "outputs": [
    {
     "data": {
      "text/plain": [
       "array([[-1.73205081, -1.15470054, -0.57735027],\n",
       "       [ 0.        , -0.81649658, -0.40824829],\n",
       "       [ 0.        ,  0.        , -0.70710678]])"
      ]
     },
     "execution_count": 7,
     "metadata": {},
     "output_type": "execute_result"
    }
   ],
   "source": [
    "R"
   ]
  },
  {
   "cell_type": "code",
   "execution_count": 9,
   "metadata": {},
   "outputs": [],
   "source": [
    "Q_T = np.transpose(Q)"
   ]
  },
  {
   "cell_type": "code",
   "execution_count": 15,
   "metadata": {},
   "outputs": [
    {
     "data": {
      "text/plain": [
       "array([[-5.77350269e-01, -5.77350269e-01, -5.77350269e-01],\n",
       "       [-4.08248290e-01, -4.08248290e-01,  8.16496581e-01],\n",
       "       [-7.07106781e-01,  7.07106781e-01,  5.55111512e-17]])"
      ]
     },
     "execution_count": 15,
     "metadata": {},
     "output_type": "execute_result"
    }
   ],
   "source": [
    "Q_T"
   ]
  },
  {
   "cell_type": "code",
   "execution_count": 13,
   "metadata": {},
   "outputs": [],
   "source": [
    "I = np.matmul(Q,Q_T)"
   ]
  },
  {
   "cell_type": "code",
   "execution_count": 16,
   "metadata": {},
   "outputs": [
    {
     "data": {
      "text/plain": [
       "array([[ 1.00000000e+00,  1.01465364e-17, -1.38419845e-17],\n",
       "       [ 1.01465364e-17,  1.00000000e+00, -1.61960688e-16],\n",
       "       [-1.38419845e-17, -1.61960688e-16,  1.00000000e+00]])"
      ]
     },
     "execution_count": 16,
     "metadata": {},
     "output_type": "execute_result"
    }
   ],
   "source": [
    "I"
   ]
  },
  {
   "cell_type": "code",
   "execution_count": 27,
   "metadata": {},
   "outputs": [
    {
     "data": {
      "text/plain": [
       "2.23606797749979"
      ]
     },
     "execution_count": 27,
     "metadata": {},
     "output_type": "execute_result"
    }
   ],
   "source": [
    "np.linalg.norm( - A)"
   ]
  },
  {
   "cell_type": "code",
   "execution_count": null,
   "metadata": {},
   "outputs": [],
   "source": []
  },
  {
   "cell_type": "code",
   "execution_count": 17,
   "metadata": {},
   "outputs": [],
   "source": [
    "def QR_factorization(A):\n",
    "     Q_transpose  = np.array(gram_schmidt(A.T))\n",
    "     R = Q_transpose.A\n",
    "     Q = Q_transpose.T\n",
    "     return Q,R\n"
   ]
  },
  {
   "cell_type": "code",
   "execution_count": 18,
   "metadata": {},
   "outputs": [
    {
     "ename": "NameError",
     "evalue": "name 'gram_schmidt' is not defined",
     "output_type": "error",
     "traceback": [
      "\u001b[0;31m---------------------------------------------------------------------------\u001b[0m",
      "\u001b[0;31mNameError\u001b[0m                                 Traceback (most recent call last)",
      "Cell \u001b[0;32mIn[18], line 1\u001b[0m\n\u001b[0;32m----> 1\u001b[0m Q,R \u001b[39m=\u001b[39m QR_factorization(A)\n",
      "Cell \u001b[0;32mIn[17], line 2\u001b[0m, in \u001b[0;36mQR_factorization\u001b[0;34m(A)\u001b[0m\n\u001b[1;32m      1\u001b[0m \u001b[39mdef\u001b[39;00m \u001b[39mQR_factorization\u001b[39m(A):\n\u001b[0;32m----> 2\u001b[0m      Q_transpose  \u001b[39m=\u001b[39m np\u001b[39m.\u001b[39marray(gram_schmidt(A\u001b[39m.\u001b[39mT))\n\u001b[1;32m      3\u001b[0m      R \u001b[39m=\u001b[39m Q_transpose\u001b[39m.\u001b[39mA\n\u001b[1;32m      4\u001b[0m      Q \u001b[39m=\u001b[39m Q_transpose\u001b[39m.\u001b[39mT\n",
      "\u001b[0;31mNameError\u001b[0m: name 'gram_schmidt' is not defined"
     ]
    }
   ],
   "source": [
    "Q,R = QR_factorization(A)"
   ]
  }
 ],
 "metadata": {
  "kernelspec": {
   "display_name": "Python 3",
   "language": "python",
   "name": "python3"
  },
  "language_info": {
   "codemirror_mode": {
    "name": "ipython",
    "version": 3
   },
   "file_extension": ".py",
   "mimetype": "text/x-python",
   "name": "python",
   "nbconvert_exporter": "python",
   "pygments_lexer": "ipython3",
   "version": "3.11.1"
  },
  "orig_nbformat": 4
 },
 "nbformat": 4,
 "nbformat_minor": 2
}
